4 5 10

211514, 171840, 211588, 147092, 201156, 211808, 244302, 234020, 189648, 165066, 174938, 160340, 148768, 173466, 162424, 152304, 199686, 158356, 201090, 194782, 183234, 192228, 221080, 210212, 241104, 162530, 190546, 230466, 217280, 222150, 158662, 189108, 189116, 206088, 234698, 178538, 193796, 248470, 220502, 232142, 226584, 194574, 186832, 206616, 186732, 199940, 176108, 153334, 198110, 191646

752400, 876598, 870508, 893096, 866508, 876002, 957918, 707174, 736022, 827752, 863584, 981414, 361296, 307828, 963258, 663650, 356168, 765872, 328684, 785646, 819614, 325608, 1010284, 861882, 859342, 911516, 218832, 272982, 319650, 254658, 228604, 310116, 1005216, 805148, 300634, 794124, 967052, 200450, 323518, 230024, 282566, 840802, 884800, 380262, 919810, 293150, 214616, 386190, 298216, 282332

460096, 308564, 442916, 400876, 510766, 438140, 419398, 562882, 429952, 451186, 318602, 133076, 444252, 345110, 252118, 146506, 413932, 126302, 441884, 117594, 340212, 181272, 217036, 488596, 367452, 432666, 353966, 324636, 474678, 102272, 476688, 584720, 237416, 315726, 184166, 269986, 259024, 395754, 477836, 215612, 289796, 320714, 362826, 291510, 394090, 178648, 253758, 655142, 235066, 177502

86980, 274060, 289516, 288080, 126806, 250838, 48386, 163012, 3848, 306296, 126040, 14006, 165908, 298304, 174388, 138766, 28114, 673122, 61620, 297564, 31800, 16410, 78660, 26496, 479654, 14048, 67524, 548856, 76066, 44590, 12638, 67646, 214740, 113950, 159476, 112636, 22722, 18808, 727350, 1768, 53228, 113554, 66704, 83406, 112784, 136646, 173832, 151710, 23470, 2860

