4 5 10

42312, 34753, 42331, 29761, 40647, 42528, 48868, 46788, 38241, 33284, 35318, 32402, 30054, 35027, 32781, 30698, 40344, 31977, 40613, 39240, 36978, 38693, 44360, 42355, 48127, 32853, 38412, 46091, 43574, 44404, 32037, 38083, 38264, 41401, 46919, 36025, 38984, 49277, 44037, 46469, 45493, 39315, 37736, 41478, 37671, 40389, 35572, 30953, 40001, 38722

124253, 144819, 143606, 147016, 143171, 144914, 157355, 117442, 121719, 137033, 142123, 160123, 62723, 53250, 161025, 110433, 61771, 127332, 57017, 130486, 136448, 56111, 168564, 141605, 141225, 151105, 37653, 47209, 55017, 43932, 39368, 53876, 166971, 135302, 51826, 132022, 161872, 34789, 55746, 39581, 48709, 139854, 146301, 65673, 151568, 50805, 37162, 66806, 52220, 49402

77086, 47659, 74120, 62567, 84864, 73193, 65572, 89896, 67258, 75304, 48524, 20460, 70927, 54589, 38259, 22233, 69470, 19453, 69403, 17863, 52553, 27986, 32872, 77876, 58056, 68169, 55714, 49330, 75326, 15502, 75283, 92024, 36131, 49484, 28162, 42081, 39219, 61492, 75465, 33559, 45003, 50203, 60736, 45671, 61316, 27058, 39507, 103832, 35593, 27381

14823, 47576, 50164, 45400, 20518, 43807, 8325, 25578, 862, 47506, 22154, 2631, 26622, 51024, 29613, 24742, 5155, 113182, 10404, 46851, 5481, 3130, 14064, 4890, 79411, 2613, 12431, 90811, 13602, 7455, 2207, 11799, 37090, 20337, 28131, 20256, 4113, 3513, 122326, 415, 9382, 19876, 11911, 14826, 19130, 24343, 30344, 26880, 4318, 564

