4 5 10

86984853, 65682544, 83350222, 56654434, 77218229, 81702234, 93700423, 89376439, 72416533, 63573623, 67288767, 62876072, 57288914, 67072162, 62655915, 58859162, 76769704, 60987522, 77244942, 74933556, 70685072, 74150144, 85055778, 80983186, 93048775, 62567324, 73379198, 89013223, 83036761, 84985908, 60965059, 73455596, 74830412, 81595337, 92753292, 71238381, 74421290, 95849814, 85247878, 89207428, 87073179, 74758089, 71909531, 79437557, 71606067, 76919760, 67232756, 59359706, 76132498, 73353962

259256754, 316979161, 308743710, 306941434, 298400031, 301994499, 328397772, 243064511, 252416453, 285089473, 296480837, 333143609, 129171060, 109261289, 335089275, 228128322, 127419897, 263832650, 117113771, 271363062, 297410416, 115840796, 350812623, 295020690, 294729676, 314547387, 74666927, 96907978, 113952707, 90203170, 80734000, 110773310, 358605303, 289836098, 109464746, 274172230, 337173616, 69950711, 114909153, 81273328, 99802349, 289885185, 304657656, 135543910, 316266279, 104109080, 74871934, 138268515, 106572325, 100829695

150456217, 97483968, 146077780, 124824856, 164691235, 142437467, 130662078, 181073972, 135558701, 149784397, 94707633, 40539345, 142343580, 107144227, 77046274, 43941956, 136064574, 38382173, 138964992, 35343960, 104548884, 55506142, 65180438, 157946272, 113372921, 137290223, 111062161, 98023553, 151469039, 30836963, 152243629, 185356677, 73796956, 100402528, 58255930, 83684473, 77860611, 123748502, 152853721, 67778720, 88445431, 105783520, 119087726, 91038548, 121977228, 54435016, 78668129, 198184040, 72036751, 54950547

28571607, 99033112, 97108121, 91520293, 40193273, 88707776, 16093749, 49851056, 2009718, 97294703, 42852430, 5219675, 52760000, 97735455, 58493523, 48479393, 9884449, 230127900, 20080044, 94446067, 10634707, 6102451, 27587909, 9394359, 160612423, 5198393, 23544974, 183790905, 26505608, 14532751, 4516409, 24996384, 73518644, 39500850, 57413046, 39243429, 8082201, 6971297, 248499269, 1305339, 18457338, 41845650, 23320484, 29009800, 37913248, 47365061, 58844278, 53043904, 8203557, 1542381

