4 5 10

43905725, 40938763, 43392305, 45969262, 46878712, 47438831, 48615855, 44791533, 41985717, 45354534, 39479550, 45766479, 43912136, 45420203, 46863301, 45259086, 46803511, 46037840, 46474669, 49210602, 47163339, 46417801, 49584049, 44258231, 44170894, 46096739, 48395425, 47316170, 44984995, 41894886, 46184085, 45795257, 46662948, 50472562, 50609448, 50412123, 43648443, 54561740, 52036148, 46527825, 47956807, 45842954, 43095853, 45401117, 40272906, 46265383, 39792106, 45718731, 46277633, 46540139

73179227, 74272863, 78369867, 74186115, 71582332, 71130347, 73873328, 71012844, 72890088, 70865640, 73157512, 74592769, 48477000, 42742839, 70945554, 71089017, 50093239, 68762945, 48062693, 71332328, 69919108, 46836747, 71193679, 73942700, 74073114, 72641962, 29103459, 40834749, 47496087, 42323945, 33534887, 42115349, 72164768, 66104041, 38585160, 75824060, 73772623, 35479742, 38076144, 37369839, 38041321, 67595347, 70909236, 43527689, 73732981, 43296319, 31529737, 47219679, 52783020, 51139334

65339103, 31793883, 63572831, 54915933, 58602954, 57621237, 52687290, 55467583, 51908595, 58261190, 28873254, 41251612, 32109561, 64514075, 43594053, 32542961, 51844724, 46087895, 45709534, 31991876, 50512068, 56990929, 39482370, 75945639, 66066180, 66991220, 63317384, 45356546, 40220493, 31390922, 73370426, 61184756, 30503609, 64299802, 44996253, 53927595, 46069972, 72041240, 73138747, 65072101, 56006048, 62978981, 45471541, 67939531, 46718179, 28635620, 51235752, 65304889, 43152387, 55513885

29612716, 50353827, 56127352, 66243168, 57899079, 53642832, 19148622, 52329882, 4217758, 53195641, 32644485, 6043298, 66857833, 47371538, 35838400, 32738918, 7950342, 67106289, 34472258, 77229080, 12373072, 4444271, 41351797, 14569535, 70952423, 4250362, 17180807, 73855896, 26439589, 13436365, 4735304, 33155386, 40717812, 31903651, 41752000, 36700969, 7802874, 9371901, 70336165, 1780363, 12756346, 47369142, 22022147, 42557486, 31055787, 38315458, 39191258, 44142821, 5490473, 985543

