4 5 10

0.8791421766338819, 0.8883382032356875, 0.8791710288957526, 0.8577550223425817, 0.8928249222401350, 0.8625083140015899, 0.8906059753093223, 0.8640353869041815, 0.8909975899874536, 0.8302709949851350, 0.8844992857218065, 0.8177008640252768, 0.8574498179090755, 0.8312047346742129, 0.8314143095930476, 0.8463998995948547, 0.8912791805877246, 0.8135892396660198, 0.8908335584193487, 0.8705015429733816, 0.8380020457710464, 0.8438864317538790, 0.8747208455365336, 0.8903648397194022, 0.8906610047564691, 0.8361164345870918, 0.8557775110147460, 0.8854784690761356, 0.8637271890421123, 0.8682146248171139, 0.8121635412988699, 0.8507931603246349, 0.8934454363826524, 0.8723798450107652, 0.8755508291092490, 0.8325112747013663, 0.8553130461687701, 0.8353779924250597, 0.8347613925460926, 0.8913964352723541, 0.8875040407452214, 0.8924149543099075, 0.8891562125523472, 0.8617817429489107, 0.8834349572596839, 0.8909930693175009, 0.8848882736039552, 0.8283742135708816, 0.8888329253647103, 0.8858653489322759

0.7239967469039644, 0.7662907792181087, 0.7552080604945285, 0.7531992499866658, 0.7626451160997879, 0.7625831569032838, 0.7629001619805825, 0.7250115373179139, 0.7255082350092917, 0.7381321586756600, 0.7533410829432994, 0.7145004080603534, 0.8397632558344612, 0.8207088118373290, 0.7865926371120853, 0.7147503914601522, 0.8260227237625968, 0.7306695325949002, 0.8112616083202235, 0.7355137963514956, 0.7452514694126717, 0.8407197851878262, 0.7845121049958569, 0.7503961547301958, 0.7504791472935277, 0.7713411806426975, 0.8961454446163666, 0.8505715497196361, 0.8436488331685394, 0.8552242921698353, 0.8503222982543427, 0.8271455874376925, 0.7960975503644963, 0.7771423854062556, 0.8049052368857940, 0.7289824856067680, 0.7855512600190480, 0.9061161625926685, 0.8506201718735461, 0.8509444492644223, 0.9005397554065210, 0.7542400997240746, 0.7691913564175999, 0.8634505926669556, 0.7650695684108433, 0.8250962342232649, 0.8970294758894024, 0.7700143040124040, 0.8029499269804823, 0.7998715394488864

0.8257173687250281, 0.8891936401593173, 0.8988867490125035, 0.7795005368433612, 0.9070550349250184, 0.9025251335601492, 0.7937051169240875, 0.8068337514215196, 0.7964007779462545, 0.9016392529972240, 0.8890535445283317, 0.8412446743989275, 0.8805211357584266, 0.8582550982080822, 0.8259679115526704, 0.8499468833090776, 0.9037377669087210, 0.8565796876873547, 0.8051356067648452, 0.8438115618214429, 0.8486872550893251, 0.7832048023331553, 0.8826599131294821, 0.5822368160213911, 0.8428352286796182, 0.8729173573376686, 0.8583485667613073, 0.8962246362106653, 0.8445691305219080, 0.8449060290187984, 0.5792313061643223, 0.8504471706265372, 0.8721011807182426, 0.8573719032549193, 0.8389304805058604, 0.8439922969753254, 0.8742838260805719, 0.8841190828808084, 0.5807548829694547, 0.7517041378418745, 0.8200350475381293, 0.8451119876830400, 0.8742684644171439, 0.8589735406721594, 0.7749325332281748, 0.8993421259566277, 0.8608708243701411, 0.8257184917424644, 0.8131814675571053, 0.8499440909453964

0.9286969745711902, 0.7938798446151736, 0.8510086504021082, 0.7202096067350934, 0.7801338554368376, 0.7599353453575097, 0.9128170496752536, 0.7697105632185863, 0.7380030002802462, 0.9563698242528328, 0.8720357256219692, 0.9606637755026006, 0.8578360059108171, 0.8015310334546141, 0.8885646855020574, 0.9047053159384204, 0.8871926242290914, 0.7583433549776957, 0.8071872002969948, 0.7994856123742092, 0.8893894003658069, 0.9316438746627602, 0.8275225211039836, 0.7892711442210553, 0.6626578613793198, 0.8603216435566470, 0.8671796346900617, 0.6990101895640934, 0.9557705494321229, 0.7293851334597143, 0.9253574744661094, 0.7918374983173510, 0.8542188964750586, 0.8443706694891888, 0.8014697187551942, 0.8286098697210014, 0.6937866933961646, 0.9468528578894277, 0.7599306971479212, 0.9154762262789088, 0.7916393712425087, 0.7645864254657840, 0.8076409683873771, 0.8030818453024344, 0.7727494552113690, 0.7904131009471165, 0.8481188685266602, 0.8131529049952295, 0.8219285497715555, 0.7616711830686378

