4 5 10

143176, 143201, 143912, 152547, 166929, 169146, 173073, 159347, 150127, 160857, 141727, 163173, 156312, 161635, 167637, 161708, 166942, 163174, 164729, 175038, 159339, 164737, 175715, 158594, 157816, 163159, 171779, 168453, 159349, 149277, 164691, 163261, 165462, 179114, 179814, 171715, 151719, 188704, 184866, 164765, 170466, 163204, 154036, 161631, 143926, 164709, 142449, 162379, 164706, 165445

249658, 254119, 254576, 255461, 251220, 249637, 259795, 247898, 253231, 248255, 255860, 261227, 169123, 149925, 248707, 248750, 175309, 240339, 168253, 250092, 239159, 163956, 249610, 259007, 259008, 255015, 103829, 143412, 166637, 147803, 118348, 147904, 253162, 231686, 136034, 246962, 252200, 122827, 134552, 131562, 133971, 236988, 247448, 152826, 258949, 152108, 111536, 165899, 185107, 178717

220272, 104225, 203392, 189692, 202307, 197902, 181517, 191710, 179382, 201181, 99710, 142417, 111564, 222822, 150534, 113325, 179251, 158722, 157288, 111235, 172173, 196080, 136568, 261663, 227557, 230950, 217550, 156532, 139057, 107748, 252330, 210433, 106295, 221708, 154124, 181977, 155594, 247803, 251929, 223626, 192204, 216901, 157081, 234069, 160844, 99248, 175685, 224821, 148931, 192380

101861, 161927, 181002, 231650, 201877, 187366, 68310, 181739, 15947, 185264, 114048, 22198, 232449, 165340, 125632, 113814, 28891, 234365, 121491, 257122, 44595, 16212, 144494, 51535, 248408, 15555, 61227, 258890, 92815, 47413, 16905, 116750, 141495, 112065, 146309, 126197, 27969, 34040, 245507, 6382, 46303, 165256, 78211, 148702, 109473, 133212, 137493, 154030, 20379, 3776

