4 5 10

1165, 1106, 1167, 1101, 1270, 1411, 1177, 1249, 1204, 1166, 1108, 1308, 1119, 1236, 1313, 1065, 1205, 1289, 1189, 1390, 1201, 1336, 1253, 1125, 1196, 1287, 1402, 1210, 1255, 1188, 1289, 1506, 1241, 1348, 1263, 1335, 1239, 1221, 1222, 1203, 1218, 1207, 1134, 1341, 1103, 1212, 1139, 1157, 1245, 1272

1859, 1982, 1936, 1955, 1817, 1989, 1826, 1872, 1851, 2005, 1915, 1988, 1640, 1444, 2316, 1973, 1520, 1891, 1550, 2052, 1939, 1556, 2159, 1928, 1924, 2030, 1086, 1447, 1402, 1484, 1306, 1538, 2109, 1907, 1257, 1950, 2520, 1277, 1461, 1361, 1505, 1966, 1982, 1602, 1967, 1491, 921, 1486, 1471, 1445

17825, 1995, 17246, 4554, 16960, 17425, 4323, 1894, 4248, 17383, 1519, 969, 3291, 2771, 1310, 1769, 16164, 980, 2859, 1061, 2744, 2121, 1692, 1858, 2712, 1964, 1786, 1251, 1951, 897, 1538, 4245, 1991, 2048, 1270, 1938, 1586, 1522, 1534, 1620, 2561, 2569, 13678, 2180, 4968, 1029, 1918, 6874, 1301, 1082

1673, 913, 10412, 1344, 1203, 1106, 1396, 1018, 192, 1111, 1171, 359, 2182, 13637, 862, 1004, 468, 1607, 780, 1687, 443, 312, 724, 390, 1817, 259, 774, 1632, 783, 421, 230, 770, 5286, 677, 924, 692, 339, 353, 1648, 148, 507, 890, 585, 714, 663, 838, 1332, 915, 352, 112

