4 5 10

0.7594225378840446, 0.7371130960451894, 0.7594721512304577, 0.8558695728660911, 0.7334625209784983, 0.7177822133989816, 0.7542137571545936, 0.7226891155848042, 0.7372797429121023, 0.8426005736856416, 0.7553670775281167, 0.7851970956533513, 0.8543466577939535, 0.7570624926304107, 0.8085717239679038, 0.8831957029911511, 0.7614767701064661, 0.8103869229699404, 0.7606419969339104, 0.7041693879508389, 0.7638628331607106, 0.7052290527439492, 0.7627504604643498, 0.7573105795470962, 0.7412675982334701, 0.7957745811313616, 0.7173935714904870, 0.7699543944388896, 0.7389363431075792, 0.7628129529667873, 0.8103031989589365, 0.7753856779215721, 0.7317497825302864, 0.7333570981183531, 0.7517705096853481, 0.8097833173568199, 0.7487308362681805, 0.8843410383515152, 0.8474071518540351, 0.7472619899042576, 0.7613170061780040, 0.7298975247230208, 0.7569961191819091, 0.7049826314901564, 0.7427337497208473, 0.7330284732061592, 0.7423400832112405, 0.8439880134848312, 0.7339919998103245, 0.7146697914002407

0.7629293633885500, 0.7545410486498013, 0.7483098349438969, 0.7270994747393665, 0.7702731741759218, 0.7402126906588231, 0.7631791712917091, 0.7718698501513820, 0.7563886610221709, 0.7036342001079127, 0.7284313912701645, 0.7468453897679252, 0.7802940377129246, 0.7844078140957328, 0.8071068687238765, 0.7541945020202655, 0.7529406281948836, 0.7835380134743706, 0.7935253567851188, 0.6940814226148408, 0.7299966982749013, 0.7250799014597906, 0.8114997707331755, 0.7317837113003782, 0.7319430392470264, 0.7658311158057238, 0.8714541125656091, 0.7910424843367955, 0.8020661148001700, 0.7602348350424075, 0.7917784742192875, 0.7709412819633275, 0.7725962908622639, 0.8024147845077830, 0.7703289605827021, 0.7075264680940349, 0.7612874297681208, 0.8491559584296187, 0.7191669866690161, 0.7943690472880606, 0.7630502779472073, 0.7455171168648391, 0.7507613160637344, 0.7535963795558235, 0.7623427002739835, 0.7812640130116755, 0.9023802121215112, 0.8037117547457138, 0.7922644067727961, 0.7942914416660032

0.4288146764802802, 0.6801477912532830, 0.4338211093118464, 0.5164676693380176, 0.4581321005746544, 0.4401913225073137, 0.5248666636276612, 0.6029188070807930, 0.5356858101512713, 0.4410285806094081, 0.7456350852798361, 0.8143291252090624, 0.6360032255264324, 0.7458714663938142, 0.7050047981102822, 0.6229675193158800, 0.4213747649114495, 0.8669964075791861, 0.5739177440948926, 0.8126444631225047, 0.6953613417103968, 0.6554095850189613, 0.7017370805416346, 0.6911047442995180, 0.7482888938734403, 0.7566723607278559, 0.7667623826117161, 0.7208734954116648, 0.6513043116834397, 0.8168704171506892, 0.7039085606309565, 0.7550620930207969, 0.6331823181270622, 0.7358605374061622, 0.7832812924246541, 0.7399699715980432, 0.6872526086573802, 0.7119706613778826, 0.7058866470355993, 0.7163965278566309, 0.7194610602564865, 0.7435738722882519, 0.6691386813328148, 0.7233674983002377, 0.6261485236871134, 0.7648851537388313, 0.7385087474862091, 0.7662298873461639, 0.6927005560085776, 0.8650712063502289

0.6097602657526623, 0.8537354469292051, 0.6717314114568006, 0.6431007998077710, 0.7711986218028968, 0.8359022684826675, 0.6463706558276260, 0.7779836397287995, 0.7685097763205332, 0.7239101914469038, 0.7619370954661600, 0.6555062361130179, 0.5730300108657377, 0.7438932064940732, 0.7982370648662668, 0.6809863561955736, 0.6978433739274931, 0.7346185664916316, 0.8166232831336298, 0.7515008230417727, 0.8725574150016991, 0.5725197058883434, 0.8173807236631441, 0.9241619071268936, 0.6335156080520044, 0.8195631583151692, 0.6151730145898893, 0.6722486731220401, 0.7331325896169101, 0.7845595257556336, 0.8352553680081799, 0.8090089838086312, 0.6785146643682350, 0.7874902270639298, 0.8278379330426763, 0.8194703681666649, 0.8572393641262096, 0.7509277197852507, 0.7230423398053454, 0.8632174455535391, 0.8994855661522325, 0.8184336396821748, 0.9019717828965822, 0.8241054600567193, 0.8645932445290206, 0.7531065435174240, 0.6622218664545829, 0.7726955748940186, 0.6990019338920126, 0.7632288999261003

