4 5 10

2359892, 2203888, 2239928, 2151935, 2467750, 2774115, 2270593, 2394552, 2267255, 2226426, 2105437, 2557091, 2082118, 2331772, 2531695, 2018719, 2323157, 2466120, 2273516, 2660045, 2271610, 2570948, 2383772, 2116847, 2246308, 2427792, 2665186, 2285549, 2384579, 2251296, 2433021, 2814131, 2295935, 2393876, 2233723, 2398245, 2187800, 2156521, 2138840, 2158569, 2162279, 2130263, 1987533, 2360433, 1879152, 2077841, 1961642, 1987063, 2141876, 2174825

3687568, 4077997, 3846313, 3964726, 3589247, 3979266, 3669783, 3711751, 3644052, 4006552, 3845778, 3957467, 3284338, 2791296, 4731941, 3945773, 3020319, 3757991, 3056376, 4119813, 3814950, 3092600, 4301869, 3840861, 3791070, 3998338, 2047751, 2832160, 2725994, 2852512, 2486154, 2838982, 4011390, 3594891, 2262392, 3614342, 4823092, 2302344, 2652623, 2416054, 2679628, 3650237, 3645025, 2901024, 3553394, 2594215, 1613589, 2674308, 2602796, 2483659

40680159, 3993112, 36581832, 9607086, 35810560, 36091891, 9042919, 3754746, 8586799, 36588811, 2914434, 1838469, 6789963, 5872988, 2544822, 3463519, 34428266, 1859406, 6013143, 1934221, 5538000, 4195961, 3297670, 3685635, 5749171, 3924894, 3531871, 2381360, 3962854, 1678346, 2972852, 8749456, 3680470, 3838437, 2263834, 3577377, 2847705, 2709542, 2767367, 2898520, 5000039, 4859961, 27014273, 4094817, 9450389, 1724972, 3461573, 13291423, 2278263, 1882029

3420859, 1781189, 22018586, 2679388, 2449883, 2153241, 2737305, 1935662, 358172, 2131401, 2359602, 682635, 4478637, 28700906, 1658673, 1964233, 916221, 3231200, 1469645, 3329659, 795539, 601222, 1398010, 716911, 3678477, 482804, 1523889, 3192077, 1521445, 774827, 402357, 1411525, 10073836, 1199368, 1666958, 1188215, 573868, 607609, 3085731, 256045, 849890, 1547204, 965926, 1251829, 1104725, 1520339, 2428991, 1601303, 610899, 196490

