4 5 10

253854079, 230124701, 233162846, 216142468, 265026759, 250749532, 265407290, 251376781, 241515129, 228786303, 230978267, 232102448, 220332267, 233858364, 234682095, 221937339, 257258642, 231170643, 255187364, 256881976, 235764970, 241421244, 262642931, 252987584, 255137866, 230400794, 249105800, 258578962, 249503937, 237919320, 231202744, 222834564, 268290268, 263390826, 266557287, 237398846, 236347249, 244504957, 243314677, 257362467, 266913888, 262436373, 247388832, 245087560, 246362015, 259333090, 233202855, 235141554, 258434347, 257400770

301565394, 303991103, 303415675, 303071279, 303179617, 302906869, 305102373, 292329531, 294624635, 299933454, 303722349, 300666533, 225021600, 189032905, 306949738, 290818761, 231394190, 290773619, 211501540, 299152746, 297706399, 204652624, 306979968, 303475724, 303517711, 305592584, 136153991, 176612511, 203924074, 180554854, 152658533, 219625086, 307951492, 297755592, 159371202, 298510605, 307530231, 178693235, 179383057, 166992671, 187718738, 293116163, 302970814, 212625221, 308804081, 197664857, 159720677, 225170126, 224536374, 214390691

265629509, 133918188, 238488163, 207873823, 235213201, 233473221, 207719521, 247745675, 207522915, 233480293, 114612496, 136328805, 190428258, 307309037, 149968467, 121277868, 225753609, 143455550, 209434991, 115625885, 180847439, 183731835, 135902795, 276358516, 303586132, 262508188, 283596829, 162182916, 216774980, 114492145, 251206236, 296029323, 153413712, 276709736, 141695948, 243319113, 149001249, 236451553, 251626658, 209668245, 263463862, 284057153, 194939279, 290642091, 188582976, 104666280, 238741060, 295136568, 144160691, 168074169

115516561, 249497380, 267553569, 265737029, 187945808, 261662277, 65492524, 175175238, 13154705, 211497651, 166513696, 23315126, 231191307, 254272957, 169863341, 159377846, 55208454, 314347009, 112415711, 273629167, 50481621, 25998646, 190816393, 51630884, 307510179, 27225643, 112999827, 315001058, 116081484, 42771944, 16158264, 134472792, 225958437, 155960160, 202892503, 168406845, 32486668, 30859610, 316928342, 6707184, 74840163, 186426352, 101765524, 231977267, 116173729, 171428456, 224586269, 207902304, 31266223, 3667874

