4 5 10

220148, 217545, 220256, 204146, 250272, 236843, 250810, 237072, 226949, 216091, 218445, 219338, 207988, 220862, 221570, 209607, 243050, 218464, 241261, 242751, 222486, 227778, 248060, 238947, 240182, 218200, 235232, 242835, 235987, 224908, 218244, 210069, 253173, 248417, 251698, 223981, 223346, 231089, 229638, 243123, 252058, 248142, 233985, 229349, 226037, 244847, 219925, 215483, 244279, 243438

280176, 291654, 290853, 290128, 290335, 290359, 292613, 279714, 281717, 286862, 290528, 287870, 214928, 182379, 294375, 278093, 212839, 278095, 203324, 286555, 284250, 196707, 294354, 290852, 290899, 292780, 132959, 170808, 195958, 174390, 148094, 210408, 295538, 284704, 154567, 285487, 294998, 172724, 173184, 161477, 181037, 280581, 290673, 202567, 293252, 189010, 155001, 215673, 215585, 206054

239697, 127948, 224087, 195915, 221287, 219599, 195556, 232783, 195546, 219730, 109936, 130273, 180621, 288178, 142882, 115460, 210763, 136776, 197549, 111122, 171215, 174314, 130071, 258680, 283749, 245943, 265109, 154188, 204489, 109835, 235764, 274047, 146122, 259153, 135498, 228207, 142168, 218434, 236257, 197806, 246905, 265630, 183229, 269705, 178473, 100795, 224410, 277167, 138271, 159913

108382, 230838, 247863, 246090, 174359, 241949, 62924, 157916, 13316, 196058, 154481, 22906, 214440, 235154, 158262, 148236, 53330, 293089, 105903, 253248, 48897, 25836, 177378, 49606, 285749, 26652, 106170, 293297, 109253, 41227, 15818, 125603, 209301, 145198, 188316, 156293, 31915, 30300, 295293, 6635, 70889, 173114, 95091, 186614, 109643, 159343, 208289, 192631, 30860, 3558

