4 5 10

1267734, 1252522, 1268418, 1169234, 1438274, 1364152, 1441362, 1365462, 1307300, 1244282, 1257688, 1263124, 1193906, 1272192, 1276580, 1204482, 1398408, 1257808, 1388640, 1396786, 1282000, 1312374, 1425298, 1375950, 1382868, 1256326, 1355064, 1397198, 1359208, 1295688, 1256566, 1207370, 1454086, 1427514, 1446124, 1290280, 1286758, 1331838, 1323128, 1398828, 1448176, 1425884, 1348100, 1321466, 1302012, 1407838, 1266374, 1240642, 1404850, 1400510

1615244, 1671006, 1667196, 1663490, 1664558, 1664696, 1675712, 1612986, 1623014, 1647586, 1665506, 1652384, 1261786, 1072668, 1683952, 1605384, 1250686, 1605390, 1196440, 1646098, 1635352, 1157676, 1683834, 1667186, 1667388, 1676484, 771642, 1002514, 1153322, 1024538, 864444, 1236986, 1689294, 1637448, 904274, 1641152, 1686900, 1014308, 1017268, 946834, 1064414, 1617296, 1666282, 1192142, 1678616, 1112526, 906872, 1265812, 1265228, 1212374

1404354, 791868, 1323964, 1178062, 1309600, 1301162, 1176218, 1368228, 1176186, 1301806, 686950, 805720, 1093070, 1650736, 878776, 719248, 1256050, 844042, 1186882, 693996, 1040688, 1058084, 804468, 1502666, 1628420, 1435892, 1535896, 944296, 1223742, 686386, 1383736, 1580430, 898064, 1505046, 836378, 1344864, 874748, 1295276, 1386288, 1188248, 1440914, 1538638, 1107460, 1558762, 1081490, 633958, 1325542, 1595588, 852840, 976826

632210, 1346716, 1439542, 1430060, 1027396, 1407058, 358260, 931026, 78004, 1152940, 911582, 133654, 1255860, 1369716, 932962, 875114, 303280, 1677950, 616396, 1469174, 279108, 149986, 1044648, 283020, 1642404, 154480, 618052, 1678878, 637746, 236110, 93474, 738514, 1226886, 856646, 1108510, 921572, 182988, 174096, 1688210, 37784, 405682, 1019866, 550272, 1098792, 640160, 939496, 1221468, 1133042, 177040, 19652

