4 5 10

211514, 171840, 211588, 147092, 201156, 211808, 244302, 234020, 189648, 165066, 891222, 722132, 683388, 750908, 733288, 765430, 946260, 719198, 923446, 846598, 417530, 427496, 450356, 460848, 449294, 404654, 438222, 449854, 548636, 413202, 459080, 541564, 642330, 526942, 555626, 507870, 515538, 661928, 615564, 554548, 930460, 958866, 936598, 815188, 856016, 942916, 881406, 733756, 935790, 930258

150740, 237820, 222582, 225432, 232600, 243942, 249450, 144786, 150576, 213146, 863584, 981414, 361296, 307828, 963258, 663650, 356168, 765872, 328684, 785646, 412248, 436846, 490482, 445592, 444866, 462620, 327778, 372398, 446168, 351796, 118390, 193186, 658920, 544326, 115242, 512622, 645728, 129200, 155500, 144718, 160026, 840078, 881434, 286410, 915874, 290928, 94162, 309414, 284238, 268990

243280, 87294, 198666, 55748, 244706, 173248, 63580, 39234, 69204, 181516, 158806, 85168, 340464, 14516, 100800, 61502, 756256, 50326, 328482, 98696, 340212, 181272, 217036, 488596, 367452, 432666, 353966, 324636, 474678, 102272, 67618, 167880, 3952, 116290, 13384, 28488, 43930, 59836, 67630, 8472, 786, 4260, 690990, 22566, 217188, 65152, 13178, 8112, 86524, 90902

329970, 34460, 853892, 539378, 270942, 44254, 303926, 306520, 130224, 394174, 38906, 18024, 316924, 100028, 291138, 8492, 143488, 1021756, 216778, 344014, 88428, 297762, 389776, 244914, 422670, 296612, 417650, 456722, 308906, 244128, 12638, 67646, 214740, 113950, 159476, 112636, 22722, 18808, 727350, 1768, 185976, 281276, 204754, 5646, 212520, 307778, 17008, 330090, 125024, 72834

