4 5 10

42312, 34753, 42331, 29761, 40647, 42528, 48868, 46788, 38241, 33284, 148737, 119951, 113633, 124717, 121476, 126123, 156783, 119450, 153121, 139178, 70019, 71692, 75420, 77282, 75355, 67863, 73365, 75362, 91784, 69420, 76056, 89025, 107531, 87039, 92053, 83807, 85794, 108653, 101175, 92156, 150913, 156098, 152373, 131517, 139313, 153471, 143778, 117711, 152533, 151475

30408, 47569, 44635, 45064, 46495, 48683, 49704, 29220, 30381, 42731, 142123, 160123, 62723, 53250, 161025, 110433, 61771, 127332, 57017, 130486, 69171, 68543, 82317, 74583, 74472, 77631, 49630, 57691, 69991, 54586, 20113, 32845, 110636, 91383, 19526, 85186, 109077, 22212, 26391, 24325, 27565, 136457, 142547, 49104, 148140, 49810, 16626, 53440, 48891, 46230

48577, 17296, 39931, 11675, 48597, 34942, 13258, 8226, 14364, 36605, 27739, 15269, 59043, 2924, 17997, 10909, 125710, 9698, 56746, 17385, 52553, 27986, 32872, 77876, 58056, 68169, 55714, 49330, 75326, 15502, 12397, 29099, 824, 20788, 2354, 5357, 7655, 10731, 12399, 1622, 191, 859, 111620, 4395, 37323, 11517, 2568, 1716, 14864, 15953

58024, 7419, 146307, 97190, 48304, 9499, 55046, 52777, 24699, 66469, 7316, 3396, 51545, 18905, 50280, 1562, 26279, 170374, 36826, 56382, 13406, 45901, 61194, 37874, 70784, 45777, 65773, 76495, 48311, 36721, 2207, 11799, 37090, 20337, 28131, 20256, 4113, 3513, 122326, 415, 31898, 48478, 35384, 1243, 36223, 54054, 3582, 57537, 22286, 12925

