4 5 10

143176, 143201, 143912, 152547, 166929, 169146, 173073, 159347, 150127, 160857, 237537, 251672, 247470, 250622, 254485, 250695, 254083, 251673, 252714, 259008, 178229, 181416, 216105, 190550, 189587, 171182, 200086, 204440, 191520, 175097, 243320, 242315, 243889, 253996, 254449, 248410, 234881, 258887, 257194, 243394, 256113, 251526, 245608, 250401, 237919, 252561, 236667, 250937, 252558, 253043

160181, 166978, 167728, 169166, 162466, 160160, 176367, 157081, 165521, 157770, 255860, 261227, 169123, 149925, 248707, 248750, 175309, 240339, 168253, 250092, 167292, 159012, 192535, 211809, 213935, 204424, 97734, 159987, 150219, 130691, 101202, 145828, 243879, 221855, 106542, 237538, 242774, 108144, 122955, 122753, 128275, 235414, 247093, 147813, 258946, 147019, 103908, 161428, 180828, 174306

178365, 80993, 170510, 42060, 188710, 179798, 40663, 27369, 39692, 181864, 100325, 66599, 143489, 8472, 91927, 51667, 251144, 75578, 162240, 63490, 172173, 196080, 136568, 261663, 227557, 230950, 217550, 156532, 139057, 107748, 104431, 116077, 14391, 92024, 18826, 88431, 72754, 97985, 104431, 12330, 1787, 7246, 241165, 39868, 139416, 71691, 16901, 15153, 83326, 79252

217945, 36862, 257530, 214636, 216334, 38690, 186785, 223026, 126190, 249894, 28139, 28353, 218344, 57264, 133285, 5860, 81025, 244074, 126222, 236834, 81289, 227846, 237439, 133227, 174117, 230353, 258464, 233737, 186221, 124603, 16905, 116750, 141495, 112065, 146309, 126197, 27969, 34040, 245507, 6382, 117674, 178127, 141499, 18346, 130559, 197253, 18603, 208424, 88073, 71083

