4 5 10

1165, 1106, 1167, 1101, 1270, 1411, 1177, 1249, 1204, 1166, 1944, 2089, 1938, 1977, 2050, 1865, 2032, 2075, 2039, 1996, 15765, 16335, 17804, 16615, 16549, 15720, 17116, 17102, 15234, 14583, 1748, 1681, 1721, 1682, 1566, 1830, 1556, 1606, 1588, 1641, 3450, 3379, 3443, 3467, 3201, 3403, 2615, 3296, 3398, 3445

1061, 1227, 1307, 1323, 1193, 1204, 1244, 1045, 1076, 1323, 1915, 1988, 1640, 1444, 2316, 1973, 1520, 1891, 1550, 2052, 14009, 3588, 15471, 17721, 17714, 16874, 3081, 3462, 3924, 4186, 724, 962, 1639, 1459, 694, 1604, 2110, 875, 846, 800, 939, 2706, 3388, 1232, 3341, 1275, 835, 1131, 1282, 1254

1266, 1005, 1416, 650, 1239, 1367, 662, 814, 673, 1367, 1099, 777, 1570, 299, 921, 736, 1996, 776, 1524, 885, 2744, 2121, 1692, 1858, 2712, 1964, 1786, 1251, 1951, 897, 646, 1278, 198, 592, 242, 648, 538, 615, 625, 210, 61, 125, 3316, 391, 993, 673, 556, 215, 700, 738

2477, 977, 11222, 1629, 1758, 515, 1171, 1748, 1001, 1710, 416, 478, 1906, 522, 1590, 256, 890, 2080, 1463, 1692, 921, 2598, 2814, 1763, 16362, 1254, 1684, 18319, 1980, 1198, 230, 770, 5286, 677, 924, 692, 339, 353, 1648, 148, 933, 1341, 1041, 249, 1068, 1295, 252, 1446, 859, 690

