5 4 10

118706
61875
169155
126921
74744

99 165 232 56 10 27 12 141 127 63 
178 1922 1701 1910 2072 1784 1066 1947 1052 1517 
1872 2033 1491 757 837 1926 2520 1260 142 255 
1937 1313 3396 3700 3608 2233 284 2316 2318 1230 
1169 1155 643 483 295 1064 185 60 556 574 

1776 1265 1298 1026 948 908 1436 1757 1854 1886 
1458 2757 6821 7606 5991 5368 8184 24 7161 1982 
5185 8498 6067 1509 1510 1095 10823 14216 9496 11240 
19443 8868 6197 4645 17143 1608 5962 13500 15564 19951 
12416 4437 903 7895 3513 7801 12170 9387 6556 6543 

3584 12978 2932 7605 2806 3052 8556 6686 8558 2686 
24385 47666 10756 57749 39653 49431 1996 38716 8463 53343 
15584 45333 26565 92740 58054 58825 60778 18428 9004 49294 
106995 90101 131303 118423 38887 63336 103544 107450 106938 41788 
73697 66688 49 78930 15847 50984 64680 85657 39739 44764 

148929 231701 84264 183659 208392 229645 222492 204572 131773 212748 
88449 67696 163603 82546 12517 62357 99545 136 144424 154829 
56146 122341 79625 72121 2089 41738 97610 3756 64366 27375 
40768 35089 81699 66562 34869 65849 36922 67066 524 41437 
110788 31367 109912 91931 17562 30491 81261 24701 42717 45678 