4 5 10

1267734, 1252522, 1268418, 1169234, 1438274, 1364152, 1441362, 1365462, 1307300, 1244282, 1655872, 1635036, 1616000, 1637300, 1636894, 1616850, 1679134, 1633930, 1676654, 1666096, 1231622, 1262006, 1381812, 1377332, 1343898, 1206638, 1311392, 1355724, 1495066, 1263746, 1635004, 1620372, 1690790, 1672314, 1675742, 1642936, 1646354, 1651640, 1649644, 1668598, 1678824, 1682382, 1670142, 1640316, 1653692, 1679124, 1650324, 1617688, 1681150, 1680516

1200146, 1416438, 1399402, 1382592, 1387612, 1386634, 1445532, 1183936, 1221234, 1313622, 1665506, 1652384, 1261786, 1072668, 1683952, 1605384, 1250686, 1605390, 1196440, 1646098, 1214130, 1166184, 1463156, 1358398, 1359436, 1406328, 669230, 1022210, 1149992, 925298, 636252, 1109116, 1690126, 1637834, 652684, 1642938, 1686444, 889640, 833182, 772096, 1090710, 1608824, 1660610, 1248880, 1675180, 1218236, 906554, 1323576, 1363868, 1309428

1450022, 456038, 1369708, 225058, 1355036, 1347192, 245996, 141110, 259344, 1347722, 783058, 386808, 1255180, 151546, 500558, 376116, 1645622, 386412, 1181190, 431162, 1040688, 1058084, 804468, 1502666, 1628420, 1435892, 1535896, 944296, 1223742, 686386, 794296, 1039522, 62606, 670776, 104192, 443186, 369850, 646596, 798352, 123668, 20318, 58132, 1598906, 172406, 1121876, 595704, 96840, 165364, 539374, 431306

1219246, 271376, 1702746, 1486890, 1246310, 265796, 1138746, 1199446, 622588, 1374666, 213066, 130622, 1217396, 482838, 1076060, 30306, 512782, 1678204, 713538, 1380806, 545322, 1286448, 1585374, 1144136, 1232468, 1217558, 1459282, 1420680, 1430798, 758546, 93474, 738514, 1226886, 856646, 1108510, 921572, 182988, 174096, 1688210, 37784, 778608, 1301200, 923488, 123954, 945906, 1232276, 224438, 1384356, 541946, 386140

