4 5 10

220148, 217545, 220256, 204146, 250272, 236843, 250810, 237072, 226949, 216091, 288584, 284182, 280324, 284672, 284590, 280492, 293356, 283934, 292812, 290640, 205995, 211930, 235410, 234556, 228013, 201268, 221639, 230290, 257172, 212286, 284238, 281172, 295798, 291925, 292616, 285863, 286588, 287694, 287287, 291129, 293404, 294145, 291538, 285374, 288134, 293469, 287458, 280649, 293892, 293752

208949, 246424, 243235, 240125, 241071, 240873, 251588, 206412, 212276, 228010, 290528, 287870, 214928, 182379, 294375, 278093, 212839, 278095, 203324, 286555, 202690, 193668, 251132, 230824, 231018, 240085, 106920, 167906, 190804, 150803, 109014, 188419, 295662, 284840, 111701, 285863, 294884, 150681, 141275, 131139, 184360, 278892, 289570, 211956, 292624, 206489, 153821, 225511, 232830, 222927

252392, 85574, 237855, 44429, 235228, 233809, 48363, 28849, 50853, 233914, 134803, 69629, 213683, 28183, 89210, 67781, 286450, 69560, 200715, 77268, 171215, 174314, 130071, 258680, 283749, 245943, 265109, 154188, 204489, 109835, 134745, 176469, 10784, 114626, 17695, 77220, 64887, 110675, 135379, 21119, 4030, 11110, 276842, 32119, 189783, 103649, 18472, 30857, 94547, 77198

211953, 53046, 298406, 259081, 216434, 52035, 199392, 208837, 114410, 238733, 39257, 24244, 206978, 86283, 182925, 5574, 91332, 293151, 123613, 236371, 86528, 216715, 275044, 189739, 206145, 203319, 250429, 242974, 244938, 122240, 15818, 125603, 209301, 145198, 188316, 156293, 31915, 30300, 295293, 6635, 133171, 221486, 156623, 23381, 160434, 208939, 41654, 236522, 94978, 69746

